0.8793557632040073
0.5291082708930578
0.1396053961246928
0.17316198645663028
0.2669621982687612
0.0019294457998927372
0.8448159149420243
0.9522413998237995
0.5187017839708867
0.10116111522811244
0.49134648264850656
0.5709842693245215
0.5472378240544001
0.21343204916668224
0.7348171808151681
0.9598427085047754
0.03565665498398729
0.4594464956038995
0.0331686880957468
0.32065597792895906
0.9139353656211082
0.8506511658840759
0.40470116946653534
0.15080805145634546
0.4279251267794496
0.2865807335920769
0.20891676056645392
0.28760282888705013
0.24975806062571104
0.9335868632125155
0.08183593649451093
0.5841578534632905
0.3057308403393654
0.8655988658333484
0.5213119158428806
0.5160887425580181
0.473062648275692
0.8022815442678694
0.8135479620565583
0.26970456392865627
0.41731611819286374
0.30674592193270234
0.5948049268779788
0.14039366333448156
0.10369759984499094
0.5715820290949871
0.4454732955995321
0.8196750027034666
0.16271531900977554
0.7004491540761176
0.7406017718961172
0.29445598012461016
0.772312523727219
0.21551714178610937
0.6533176175811085
0.13589376355561122
0.7169467488113561
0.9244939511758006
0.05963993750282448
0.9658647702091613
0.5098799525591604
0.8619663079001322
0.9777737196529788
0.8224345558436278
0.6157369325993318
0.41174189049666643
0.15709070588638485
0.8316474986787865
0.7307219598750505
0.22592501268931575
0.9903323709577458
0.6905614671641488
0.15800498923032014
0.04728001407099114
0.02336698909712087
0.25627488080842575
0.09868453694965806
0.5819304818979586
0.20148240038485266
0.6013482642520935
0.12392238465330063
0.052274180690122574
0.5556691532723155
0.7383661998238439
0.19270017701973108
0.21223989007855693
0.9421534953799101
0.6264724082867004
0.11087706147902698
0.7655640257536209
0.09133842536705872
0.01764985329035995
0.04609012114423661
0.4793974126674213
0.16379870171723
0.9183340958418132
0.4194018254316402
0.8791570570449053
0.22399810657736097
0.7375236426854807
